1 45.5416493828473 9.23821260861597
2 45.5342498238059 9.23135736529796
3 45.5244791938931 9.22828208219391
4 45.517823388463 9.22624010605084
5 45.5123928195606 9.2245929901411
6 45.5068387882695 9.22289983656879
7 45.5004235726955 9.22097511729755
8 45.4951868295737 9.21941379858939
9 45.4911066779072 9.21820996753363
10 45.4846405760333 9.21519673506395
11 45.4802322984737 9.21079496633952
12 45.4753877510278 9.20596457021488
13 45.4709246998546 9.2013785245431
14 45.4665114009221 9.19747480589022
15 45.4647577898709 9.18851911261394
16 45.465573086768 9.18616774186922
17 45.4684290450032 9.18202481726174
18 45.4682041654525 9.17693839611827
19 45.4676076910693 9.16627022758856
20 45.4684993267509 9.15986454670361
21 45.4679990002737 9.15555992417535
22 45.4665190483357 9.14924131356968
23 45.4650678110525 9.14304070299439
24 45.46211902429 9.13760378187282
25 45.4595599900473 9.12954321508278
26 45.4575615718281 9.12190739611701
27 45.4553680725237 9.11289700919969
28 45.4706820377809 9.15497922456493
29 45.4741755070435 9.15046781420497
30 45.4795929283011 9.14337564825611
31 45.485960035425 9.13554391548293
32 45.4885570822935 9.12707555749745
33 45.494977920258 9.11798111566672
34 45.4984384749197 9.10931722067605
35 45.5013193519625 9.10044430334134
36 45.5050785667369 9.09332735020889
37 45.5089569864317 9.08569383866175
38 45.5205753266713 9.08753269477355
39 45.5461276189735 9.43756370755426
40 45.5413246147387 9.41967426501506
41 45.5367118436554 9.40235432633296
42 45.5285095770963 9.38705107280396
43 45.5255638059326 9.37660685795176
44 45.521920053907 9.36311006954796
45 45.5207958550432 9.34595961626408
46 45.5211251109595 9.3313657843182
47 45.5174205082637 9.29782306068744
48 45.515512030541 9.28504311835455
49 45.5111054369567 9.2609033395371
50 45.5338544242213 9.29056346906762
51 45.5265179520238 9.2817538644026
52 45.5202399048756 9.27464872532488
53 45.5050094613385 9.24787530731292
54 45.4985806068367 9.23952545884562
55 45.4910874956291 9.23696487867425
56 45.4845982245647 9.23578413145079
57 45.4806862411193 9.22460084313837
58 45.4853870507659 9.20971948482073
59 45.484482332438 9.20263427992719
60 45.4847649904393 9.19532751675556
61 45.4842832621524 9.18889572165078
62 45.4777107426238 9.18447653283163
63 45.4717582610551 9.18231919761859
64 45.4615578533937 9.17325248104901
65 45.4585852804909 9.16996047945372
66 45.452979705411 9.17003009738771
67 45.4437344195297 9.16772222805755
68 45.4372872229925 9.16709612400889
69 45.4300147097601 9.17895861050122
70 45.4097654815706 9.14990621623449
71 45.4016321163874 9.1452963186844
72 45.4302141607557 9.25632445692474
73 45.4336257002455 9.2382324454209
74 45.4373610555213 9.22969068320423
75 45.4408117392238 9.2226790344879
76 45.4426690711384 9.21879997480896
77 45.4474329355085 9.21008370872765
78 45.4522412061794 9.20217385499162
79 45.4561762808003 9.19578350337181
80 45.4608789059483 9.18844997785697
81 45.4700819924358 9.19270789851413
82 45.4745463302713 9.19479958544861
83 45.4787338031321 9.19720834718882
84 45.4899720307777 9.20063994923037
85 45.4926624575849 9.19270292116584
86 45.4977705649887 9.1849041635557
87 45.5052246624207 9.17970996539898
88 45.5128803944019 9.17440990073652
89 45.522378819664 9.1679834121397
90 45.5315563221275 9.16189843021792
91 45.526389 9.211944
92 45.444552 9.129793
93 45.5147 9.20528
94 45.5072 9.20111
95 45.5017 9.19778
96 45.4964 9.19528
97 45.4872 9.19111
98 45.485192 9.178767
99 45.487471 9.172863
100 45.483429 9.169343
101 45.481615 9.162268
102 45.4753 9.15459
103 45.481344 9.15033
104 45.476401 9.137753
105 45.47609 9.129376
106 45.476252 9.11907
107 45.461878 9.278575
108 45.459549 9.244573
109 45.462259 9.237401
110 45.468204 9.232537
111 45.468114 9.222602
112 45.467986 9.217302
113 45.467903 9.207212
114 45.459780 9.195500
115 45.456871 9.190092
116 45.457660 9.183186
117 45.458770 9.177854
118 45.459207 9.164970
119 45.457377 9.159808
120 45.455413 9.153440
121 45.456517 9.147698
122 45.451866 9.142473
123 45.449616 9.135607
124 45.448341 9.131897
